0 0.5 0.5 0.5 0.5 0.5 
0.0099999998 0.51771981 0.51404631 0.55012566 0.58861643 0.59715801 
0.02 0.52873927 0.52218086 0.57917976 0.64131051 0.65654337 
0.029999999 0.53569728 0.52674609 0.59545112 0.67215592 0.6929177 
0.039999999 0.54019475 0.52916384 0.60397047 0.68969333 0.71523792 
0.050000001 0.54320323 0.53029668 0.60779178 0.69910604 0.72893858 
0.059999999 0.54531211 0.53066832 0.6087696 0.70354027 0.73731697 
0.07 0.54687899 0.53059661 0.6080305 0.70490652 0.742374 
0.079999998 0.54812086 0.53027457 0.6062597 0.70436525 0.7453236 
0.090000004 0.54916936 0.52981943 0.60387433 0.70262241 0.74690247 
0.1 0.5501042 0.52930248 0.60112876 0.70010781 0.74755776 
0.11 0.55097383 0.52876699 0.59817898 0.69708413 0.74756098 
0.12 0.55180764 0.52823931 0.59512097 0.69371259 0.74707717 
0.13 0.55262327 0.52773565 0.59201425 0.69009316 0.74620682 
0.14 0.55343157 0.52726579 0.58889639 0.68628865 0.74501127 
0.15000001 0.55423898 0.52683586 0.58579159 0.68233931 0.74352837 
0.16 0.55504942 0.52644944 0.58271575 0.67827213 0.74178171 
0.17 0.55586517 0.52610898 0.57967985 0.67410588 0.73978633 
0.18000001 0.55668765 0.5258159 0.57669187 0.6698547 0.73755234 
0.19 0.55751759 0.52557111 0.57375783 0.66552979 0.73508686 
0.2 0.55835551 0.52537519 0.57088268 0.66114086 0.73239547 
0.20999999 0.5592016 0.52522856 0.56807053 0.65669674 0.72948307 
0.22 0.56005591 0.52513134 0.56532502 0.65220577 0.72635406 
0.23 0.56091857 0.52508384 0.56264961 0.64767617 0.72301316 
0.23999999 0.56178945 0.52508605 0.56004727 0.64311612 0.71946526 
0.25 0.56266856 0.52513796 0.55752099 0.63853383 0.71571553 
0.25999999 0.56355578 0.52523971 0.55507356 0.63393754 0.71176982 
0.27000001 0.56445104 0.52539116 0.55270761 0.62933564 0.70763445 
0.28 0.56535423 0.52559233 0.55042565 0.62473667 0.70331657 
0.28999999 0.56626523 0.52584308 0.54823011 0.62014908 0.69882381 
0.30000001 0.56718397 0.52614337 0.54612333 0.61558145 0.69416457 
0.31 0.56811035 0.52649295 0.54410744 0.6110425 0.68934798 
0.31999999 0.56904423 0.52689183 0.54218459 0.6065408 0.68438393 
0.33000001 0.56998557 0.5273397 0.54035676 0.60208499 0.67928308 
0.34 0.57093412 0.52783644 0.53862578 0.59768361 0.67405683 
0.34999999 0.57188988 0.52838176 0.5369935 0.59334522 0.66871715 
0.36000001 0.57285267 0.52897555 0.53546149 0.58907819 0.66327697 
0.37 0.57382244 0.52961749 0.53403127 0.58489084 0.65774965 
0.38 0.57479906 0.53030723 0.53270441 0.58079118 0.65214932 
0.38999999 0.5757823 0.53104454 0.5314821 0.57678723 0.64649063 
0.40000001 0.57677221 0.53182912 0.53036565 0.57288671 0.64078885 
0.41 0.57776856 0.5326606 0.52935612 0.56909716 0.63505954 
0.41999999 0.57877123 0.53353852 0.52845454 0.56542593 0.62931871 
0.43000001 0.57978016 0.53446263 0.52766174 0.56187999 0.62358284 
0.44 0.58079517 0.53543246 0.52697855 0.55846608 0.61786836 
0.44999999 0.5818162 0.53644753 0.52640563 0.55519074 0.61219209 
0.46000001 0.58284307 0.53750747 0.52594352 0.55206013 0.60657078 
0.47 0.58387566 0.53861177 0.52559268 0.54908007 0.60102123 
0.47999999 0.58491391 0.53975993 0.52535349 0.54625624 0.59556007 
0.49000001 0.58595759 0.54095137 0.52522612 0.54359376 0.59020376 
0.5 0.58700663 0.54218566 0.52521068 0.54109758 0.58496851 
0.50999999 0.58806092 0.54346216 0.5253073 0.53877223 0.57987016 
0.51999998 0.58912027 0.54478031 0.52551574 0.53662193 0.57492411 
0.52999997 0.59018463 0.54613954 0.52583593 0.53465056 0.57014531 
0.54000002 0.59125382 0.54753917 0.52626747 0.53286165 0.56554812 
0.55000001 0.59232771 0.54897857 0.52680999 0.53125846 0.56114626 
0.56 0.59340614 0.55045706 0.5274629 0.52984369 0.55695289 
0.56999999 0.5944891 0.551974 0.52822566 0.52861995 0.55298042 
0.57999998 0.59557635 0.55352861 0.52909738 0.52758932 0.54924041 
0.58999997 0.59666777 0.55512023 0.5300774 0.52675366 0.54574388 
0.60000002 0.59776324 0.55674809 0.53116453 0.5261144 0.54250091 
0.61000001 0.59886265 0.55841142 0.53235787 0.52567261 0.5395208 
0.62 0.59996587 0.56010938 0.53365618 0.52542907 0.53681201 
0.63 0.60107273 0.56184125 0.53505814 0.52538425 0.53438216 
0.63999999 0.60218304 0.5636062 0.53656232 0.52553821 0.53223813 
0.64999998 0.60329682 0.56540334 0.5381673 0.52589065 0.53038585 
0.66000003 0.60441387 0.56723183 0.53987139 0.52644104 0.52883041 
0.67000002 0.60553396 0.56909078 0.54167283 0.52718836 0.52757609 
0.68000001 0.60665709 0.5709793 0.5435698 0.52813131 0.52662635 
0.69 0.60778302 0.57289654 0.54556042 0.52926826 0.52598381 
0.69999999 0.60891169 0.5748415 0.54764253 0.53059721 0.5256502 
0.70999998 0.61004293 0.57681328 0.54981399 0.53211588 0.52562636 
0.72000003 0.61117661 0.57881087 0.55207258 0.53382158 0.5259124 
0.73000002 0.61231261 0.58083338 0.55441588 0.53571123 0.52650762 
0.74000001 0.61345083 0.58287978 0.55684143 0.53778148 0.52741039 
0.75 0.614591 0.58494914 0.55934668 0.54002857 0.52861816 
0.75999999 0.61573309 0.58704036 0.56192899 0.54244852 0.53012776 
0.76999998 0.61687696 0.58915251 0.56458551 0.54503685 0.53193498 
0.77999997 0.61802244 0.59128451 0.56731337 0.54778886 0.53403485 
0.79000002 0.61916941 0.59343529 0.57010978 0.55069941 0.53642154 
0.80000001 0.62031776 0.59560394 0.57297158 0.55376309 0.53908843 
0.81 0.62146729 0.59778929 0.57589579 0.55697423 0.54202789 
0.81999999 0.62261796 0.59999031 0.57887912 0.5603267 0.54523164 
0.82999998 0.62376952 0.60220593 0.58191836 0.56381422 0.54869044 
0.83999997 0.62492192 0.60443509 0.58501017 0.56743008 0.55239433 
0.85000002 0.62607503 0.6066767 0.58815122 0.57116741 0.55633253 
0.86000001 0.62722868 0.60892969 0.59133804 0.57501906 0.56049341 
0.87 0.62838268 0.611193 0.59456718 0.57897747 0.5648647 
0.88 0.62953705 0.61346555 0.59783512 0.58303511 0.56943339 
0.88999999 0.63069153 0.6157462 0.60113823 0.58718401 0.57418573 
0.89999998 0.63184601 0.61803395 0.60447299 0.59141624 0.57910746 
0.91000003 0.63300037 0.62032759 0.60783577 0.59572345 0.58418369 
0.92000002 0.6341545 0.62262619 0.61122292 0.60009742 0.5893991 
0.93000001 0.63530827 0.62492853 0.61463076 0.60452956 0.59473783 
0.94 0.6364615 0.62723368 0.6180557 0.60901147 0.60018378 
0.94999999 0.63761407 0.62954044 0.62149411 0.61353445 0.60572046 
0.95999998 0.63876587 0.6318478 0.62494224 0.61808991 0.61133128 
0.97000003 0.63991678 0.63415468 0.62839657 0.62266922 0.61699945 
0.98000002 0.64106667 0.63646007 0.6318534 0.62726378 0.62270814 
0.99000001 0.64221537 0.63876289 0.63530928 0.63186502 0.62844068 
1 0.64336282 0.64106214 0.63876057 0.63646454 0.63418049 
1.01 0.64450884 0.64335674 0.64220381 0.64105397 0.63991106 
1.02 0.64565331 0.64564568 0.6456356 0.64562511 0.64561647 
1.03 0.64679611 0.647928 0.64905244 0.65016991 0.651281 
1.04 0.64793712 0.65020269 0.6524511 0.65468055 0.65688932 
1.05 0.64907628 0.6524688 0.65582824 0.65914935 0.66242683 
1.0599999 0.65021336 0.65472525 0.65918076 0.66356885 0.66787928 
1.0700001 0.65134823 0.65697122 0.66250539 0.66793197 0.67323321 
1.08 0.6524809 0.65920568 0.6657992 0.67223167 0.67847574 
1.09 0.65361112 0.6614278 0.66905916 0.67646146 0.6835947 
1.1 0.65473884 0.66363657 0.6722824 0.68061489 0.68857867 
1.11 0.65586394 0.66583115 0.67546612 0.68468589 0.69341683 
1.12 0.65698624 0.66801065 0.6786077 0.68866879 0.69809937 
1.13 0.65810567 0.67017418 0.6817044 0.69255805 0.70261699 
1.14 0.65922213 0.67232096 0.68475384 0.69634855 0.70696121 
1.15 0.66033548 0.67445016 0.6877535 0.70003545 0.7111243 
1.16 0.66144562 0.67656094 0.69070113 0.70361429 0.71509922 
1.17 0.66255242 0.67865252 0.69359446 0.70708072 0.71887952 
1.1799999 0.66365576 0.68072414 0.6964314 0.71043086 0.7224595 
1.1900001 0.66475558 0.68277502 0.69920993 0.71366113 0.72583407 
1.2 0.66585171 0.6848045 0.70192808 0.71676809 0.72899866 
1.21 0.66694409 0.6868118 0.70458406 0.71974868 0.73194927 
1.22 0.66803253 0.68879628 0.70717609 0.72260004 0.73468238 
1.23 0.66911703 0.69075722 0.70970261 0.72531968 0.73719501 
1.24 0.67019743 0.69269401 0.71216196 0.72790515 0.73948437 
1.25 0.67127359 0.69460595 0.71455276 0.73035443 0.74154836 
1.26 0.67234546 0.69649249 0.71687365 0.73266554 0.74338496 
1.27 0.67341292 0.69835299 0.7191233 0.73483676 0.74499267 
1.28 0.67447591 0.70018691 0.72130048 0.73686665 0.74637002 
1.29 0.67553425 0.7019937 0.72340417 0.7387538 0.74751604 
1.3 0.67658788 0.70377278 0.72543323 0.74049699 0.74842978 
1.3099999 0.67763674 0.70552367 0.72738671 0.74209517 0.74911064 
1.3200001 0.67868066 0.70724583 0.72926378 0.7435475 0.74955809 
1.33 0.67971963 0.70893884 0.73106349 0.74485314 0.74977183 
1.34 0.68075347 0.71060216 0.73278517 0.74601138 0.74975175 
1.35 0.68178213 0.71223539 0.73442805 0.74702168 0.74949777 
1.36 0.68280554 0.7138381 0.73599148 0.74788356 0.74901009 
1.37 0.68382353 0.71540993 0.73747492 0.74859655 0.74828905 
1.38 0.68483609 0.71695036 0.73887783 0.74916041 0.74733508 
1.39 0.68584311 0.71845913 0.74019969 0.74957484 0.74614894 
1.4 0.68684447 0.71993583 0.74144 0.74983966 0.74473143 
1.41 0.68784016 0.72138011 0.74259847 0.74995482 0.74308372 
1.42 0.68883002 0.72279167 0.74367464 0.74992019 0.74120712 
1.4299999 0.68981397 0.72417021 0.74466825 0.74973577 0.73910332 
1.4400001 0.69079196 0.72551537 0.745579 0.74940175 0.73677421 
1.45 0.69176394 0.72682697 0.74640661 0.74891812 0.73422217 
1.46 0.69272977 0.72810459 0.7471509 0.74828517 0.7314499 
1.47 0.69368935 0.72934812 0.74781162 0.74750322 0.72846043 
1.48 0.69464266 0.73055726 0.74838859 0.74657249 0.72525746 
1.49 0.6955896 0.73173171 0.7488817 0.74549359 0.72184497 
1.5 0.69653016 0.73287141 0.74929082 0.74426687 0.71822774 
1.51 0.69746417 0.73397601 0.74961591 0.74289304 0.7144109 
1.52 0.69839156 0.73504537 0.74985677 0.74137282 0.7104004 
1.53 0.69931233 0.73607934 0.75001347 0.73970699 0.70620269 
1.54 0.70022637 0.73707771 0.75008589 0.73789668 0.70182496 
1.55 0.70113361 0.73804033 0.75007403 0.73594284 0.69727516 
1.5599999 0.702034 0.738967 0.74997789 0.73384678 0.69256192 
1.5700001 0.70292747 0.73985767 0.74979746 0.73161 0.68769455 
1.58 0.70381391 0.74071217 0.74953288 0.72923404 0.68268329 
1.59 0.70469332 0.7415303 0.74918413 0.72672075 0.67753893 
1.6 0.70556557 0.74231207 0.74875134 0.72407204 0.67227316 
1.61 0.70643067 0.74305731 0.74823457 0.72129023 0.66689825 
1.62 0.70728856 0.74376589 0.74763399 0.71837771 0.6614272 
1.63 0.70813906 0.74443775 0.74694967 0.71533722 0.65587372 
1.64 0.70898229 0.74507284 0.74618191 0.71217173 0.6502521 
1.65 0.70981801 0.74567097 0.74533081 0.70888436 0.64457721 
1.66 0.71064633 0.74623221 0.74439663 0.70547867 0.6388644 
1.67 0.71146709 0.74675637 0.74337965 0.70195848 0.63312942 
1.6799999 0.71228021 0.74724346 0.74228019 0.69832778 0.62738842 
1.6900001 0.71308577 0.74769336 0.74109852 0.69459099 0.62165785 
1.7 0.71388364 0.74810612 0.73983508 0.6907528 0.6159544 
1.71 0.7146737 0.74848163 0.73849022 0.68681818 0.6102947 
1.72 0.71545601 0.74881983 0.73706442 0.68279243 0.60469568 
1.73 0.71623051 0.74912071 0.73555821 0.67868114 0.59917396 
1.74 0.71699709 0.74938422 0.73397219 0.67449027 0.59374624 
1.75 0.71775573 0.74961036 0.73230684 0.67022598 0.58842891 
1.76 0.71850646 0.74979907 0.73056293 0.66589481 0.58323795 
1.77 0.71924907 0.74995041 0.72874111 0.66150349 0.57818913 
1.78 0.7199837 0.75006425 0.72684216 0.65705913 0.57329768 
1.79 0.72071016 0.75014067 0.72486705 0.65256894 0.56857836 
1.8 0.72142851 0.75017959 0.72281659 0.64804053 0.56404537 
1.8099999 0.72213864 0.75018108 0.7206918 0.64348167 0.55971217 
1.8200001 0.72284061 0.75014508 0.71849376 0.63890022 0.55559176 
1.83 0.72353423 0.75007164 0.71622354 0.6343044 0.55169618 
1.84 0.72421962 0.74996078 0.71388251 0.62970245 0.54803687 
1.85 0.72489661 0.74981242 0.71147186 0.62510276 0.54462457 
1.86 0.72556525 0.74962664 0.70899308 0.62051386 0.54146898 
1.87 0.72622544 0.74940348 0.70644754 0.61594433 0.53857917 
1.88 0.72687721 0.74914289 0.70383692 0.61140275 0.53596336 
1.89 0.72752053 0.74884498 0.70116282 0.60689771 0.53362894 
1.9 0.72815531 0.74850971 0.69842708 0.60243791 0.53158236 
1.91 0.72878152 0.74813718 0.69563144 0.59803194 0.52982938 
1.92 0.7293992 0.74772733 0.69277799 0.59368825 0.52837479 
1.9299999 0.73000824 0.74728036 0.68986869 0.58941519 0.52722257 
1.9400001 0.7306087 0.74679619 0.68690574 0.58522117 0.52637589 
1.95 0.73120046 0.74627495 0.68389136 0.58111423 0.52583706 
1.96 0.73178357 0.74571663 0.68082792 0.57710236 0.52560759 
1.97 0.73235792 0.74512142 0.67771786 0.57319337 0.52568799 
1.98 0.73292357 0.74448925 0.67456377 0.56939471 0.52607816 
1.99 0.73348039 0.74382025 0.67136818 0.56571376 0.52677703 
2 0.73402846 0.74311453 0.66813385 0.56215757 0.52778262 
2.01 0.73456776 0.74237221 0.66486371 0.55873293 0.52909237 
2.02 0.74072635 0.74723816 0.66728747 0.56065792 0.53569943 
2.03 0.74791396 0.75315207 0.67086893 0.56380463 0.54357737 
2.04 0.75434464 0.75832921 0.67378485 0.56649613 0.551094 
2.05 0.75949949 0.76224148 0.67547143 0.56821233 0.55774683 
2.0599999 0.76339042 0.76488996 0.67590851 0.56893814 0.56352371 
2.0699999 0.76621729 0.76646501 0.67527729 0.56884664 0.56859291 
2.0799999 0.76821607 0.7671954 0.67380488 0.5681538 0.57316065 
2.0899999 0.76959866 0.76728815 0.67170072 0.56705874 0.5774138 
2.0999999 0.77053511 0.76691002 0.66913587 0.56572402 0.58150077 
2.1099999 0.77115387 0.76618725 0.66624153 0.56427413 0.58553118 
2.1199999 0.77154791 0.7652117 0.66311455 0.56280077 0.58958113 
2.1300001 0.77178317 0.76404846 0.65982473 0.56136972 0.59370065 
2.1400001 0.77190524 0.7627427 0.65642184 0.56002736 0.59791988 
2.1500001 0.77194542 0.76132548 0.65294117 0.558806 0.60225511 
2.1600001 0.77192479 0.75981778 0.6494078 0.55772793 0.60671216 
2.1700001 0.77185768 0.7582339 0.64583993 0.55680865 0.61129022 
2.1800001 0.77175373 0.75658339 0.64225084 0.55605859 0.61598325 
2.1900001 0.7716195 0.75487286 0.63865083 0.55548483 0.6207822 
2.2 0.77145928 0.75310671 0.63504809 0.55509222 0.62567562 
2.21 0.77127635 0.75128818 0.63144934 0.55488372 0.63065052 
2.22 0.77107286 0.74941957 0.62786043 0.55486131 0.63569301 
2.23 0.77085054 0.74750268 0.62428677 0.55502594 0.64078856 
2.24 0.77061063 0.74553907 0.62073326 0.55537778 0.6459223 
2.25 0.77035439 0.74352992 0.61720473 0.55591655 0.6510793 
2.26 0.77008271 0.7414766 0.61370575 0.5566414 0.65624452 
2.27 0.76979655 0.73938012 0.61024088 0.55755115 0.66140324 
2.28 0.7694968 0.7372418 0.60681456 0.55864418 0.66654092 
2.29 0.76918441 0.73506284 0.60343134 0.5599184 0.67164338 
2.3 0.76886028 0.73284459 0.60009569 0.56137162 0.67669672 
2.3099999 0.76852536 0.73058832 0.59681195 0.56300116 0.68168777 
2.3199999 0.76818055 0.72829551 0.5935846 0.56480408 0.68660367 
2.3299999 0.76782691 0.72596765 0.59041798 0.56677699 0.69143224 
2.3399999 0.76746541 0.72360635 0.58731651 0.56891644 0.69616187 
2.3499999 0.76709723 0.72121334 0.5842846 0.57121855 0.70078164 
2.3599999 0.76672333 0.71879041 0.58132648 0.57367915 0.7052812 
2.3699999 0.76634496 0.71633929 0.57844645 0.57629377 0.70965093 
2.3800001 0.76596326 0.71386206 0.57564873 0.57905775 0.71388191 
2.3900001 0.76557934 0.71136069 0.57293743 0.5819661 0.71796572 
2.4000001 0.76519454 0.70883727 0.57031673 0.58501357 0.7218948 
2.4100001 0.76481003 0.706294 0.56779063 0.58819467 0.72566217 
2.4200001 0.76442707 0.70373315 0.56536305 0.59150362 0.7292614 
2.4300001 0.76404697 0.70115697 0.56303781 0.59493446 0.73268676 
2.4400001 0.76367098 0.69856793 0.56081861 0.598481 0.73593301 
2.45 0.76330042 0.69596839 0.5587092 0.60213679 0.73899561 
2.46 0.76293653 0.69336087 0.55671299 0.60589516 0.74187046 
2.47 0.76258063 0.69074786 0.55483335 0.60974932 0.7445538 
2.48 0.76223403 0.68813187 0.55307364 0.61369234 0.7470426 
2.49 0.76189792 0.68551552 0.55143678 0.61771691 0.74933404 
2.5 0.76157349 0.68290132 0.54992586 0.62181586 0.7514258 
2.51 0.76126206 0.68029195 0.54854357 0.62598169 0.75331581 
2.52 0.76096475 0.67768997 0.54729259 0.63020688 0.75500244 
2.53 0.76068264 0.67509788 0.5461753 0.63448381 0.75648433 
2.54 0.76041687 0.67251825 0.54519403 0.63880479 0.75776029 
2.55 0.76016849 0.6699537 0.5443508 0.64316207 0.75882947 
2.5599999 0.75993842 0.66740656 0.54364759 0.64754796 0.7596913 
2.5699999 0.7597276 0.66487944 0.54308605 0.65195465 0.76034528 
2.5799999 0.75953698 0.66237462 0.54266769 0.65637445 0.76079118 
2.5899999 0.75936729 0.65989447 0.5423938 0.66079974 0.76102901 
2.5999999 0.75921923 0.6574412 0.54226553 0.66522288 0.76105881 
2.6099999 0.75909358 0.65501714 0.54228371 0.66963643 0.76088095 
2.6199999 0.75899088 0.65262437 0.54244912 0.67403293 0.7604959 
2.6300001 0.75891167 0.65026492 0.54276216 0.67840528 0.75990427 
2.6400001 0.75885636 0.64794081 0.54322314 0.68274635 0.75910693 
2.6500001 0.75882542 0.64565384 0.54383218 0.68704927 0.75810498 
2.6600001 0.75881904 0.64340591 0.54458904 0.69130737 0.7568996 
2.6700001 0.75883758 0.64119869 0.54549336 0.69551426 0.75549233 
2.6800001 0.75888109 0.63903379 0.54654461 0.69966364 0.75388491 
2.6900001 0.7589497 0.6369127 0.54774201 0.70374954 0.75207937 
2.7 0.75904334 0.63483691 0.54908442 0.70776629 0.75007802 
2.71 0.75916201 0.63280761 0.55057073 0.71170837 0.74788362 
2.72 0.75930554 0.63082612 0.55219942 0.71557069 0.74549901 
2.73 0.75947368 0.62889344 0.55396885 0.71934825 0.74292779 
2.74 0.75966614 0.62701064 0.55587709 0.72303641 0.7401737 
2.75 0.75988257 0.62517864 0.55792201 0.72663093 0.73724109 
2.76 0.76012248 0.62339813 0.56010127 0.73012757 0.73413467 
2.77 0.76038533 0.62166977 0.56241226 0.73352265 0.73085976 
2.78 0.7606706 0.61999416 0.5648523 0.73681259 0.72742218 
2.79 0.76097751 0.61837178 0.56741822 0.73999411 0.72382832 
2.8 0.76130539 0.61680287 0.57010686 0.74306411 0.72008514 
2.8099999 0.76165336 0.61528772 0.57291478 0.74601984 0.71620023 
2.8199999 0.76202065 0.61382639 0.57583827 0.74885881 0.71218175 
2.8299999 0.76240617 0.61241889 0.5788734 0.75157863 0.70803851 
2.8399999 0.76280904 0.61106509 0.58201611 0.75417709 0.70377994 
2.8499999 0.76322806 0.60976475 0.58526206 0.75665241 0.6994161 
2.8599999 0.76366222 0.60851759 0.58860677 0.75900275 0.69495761 
2.8699999 0.76411021 0.60732305 0.59204555 0.76122659 0.69041574 
2.8800001 0.76457077 0.60618073 0.59557348 0.76332241 0.68580228 
2.8900001 0.76504272 0.60508984 0.59918553 0.76528907 0.68112957 
2.9000001 0.76552463 0.60404974 0.60287654 0.76712537 0.6764105 
2.9100001 0.76601511 0.60305959 0.60664111 0.7688303 0.67165828 
2.9200001 0.76651269 0.60211843 0.61047375 0.77040297 0.66688669 
2.9300001 0.76701599 0.60122526 0.61436892 0.77184266 0.66210979 
2.9400001 0.76752341 0.60037899 0.61832082 0.7731486 0.6573419 
2.95 0.76803356 0.59957856 0.62232387 0.77432013 0.65259773 
2.96 0.76854479 0.59882265 0.62637204 0.77535683 0.64789194 
2.97 0.76905566 0.5981102 0.63045955 0.77625817 0.6432395 
2.98 0.76956451 0.59743971 0.63458049 0.77702379 0.63865519 
2.99 0.7700699 0.59681004 0.63872898 0.77765334 0.63415396 
3 0.77057028 0.59621972 0.64289916 0.77814656 0.62975055 
3.01 0.77106404 0.59566748 0.64708507 0.77850318 0.62545949 
3.02 0.77154976 0.5951519 0.65128106 0.77872312 0.62129515 
3.03 0.77202594 0.59467161 0.65548134 0.77880621 0.61727148 
3.04 0.77249116 0.59422529 0.65968037 0.77875239 0.61340219 
3.05 0.77294391 0.59381163 0.6638726 0.77856165 0.60970044 
3.0599999 0.77338302 0.59342921 0.66805267 0.77823412 0.60617894 
3.0699999 0.77380699 0.59307683 0.67221534 0.77776986 0.60284984 
3.0799999 0.77421463 0.59275329 0.67635554 0.77716911 0.59972477 
3.0899999 0.77460474 0.59245729 0.68046844 0.7764321 0.59681463 
3.0999999 0.77497613 0.59218782 0.68454921 0.77555919 0.59412968 
3.1099999 0.77532768 0.59194368 0.68859345 0.7745508 0.59167951 
3.1199999 0.77565831 0.59172392 0.69259673 0.77340752 0.58947301 
3.1300001 0.77596712 0.59152746 0.69655496 0.77212989 0.58751816 
3.1400001 0.77625316 0.59135354 0.70046425 0.77071875 0.58582222 
3.1500001 0.77651554 0.59120119 0.70432079 0.76917487 0.58439183 
3.1600001 0.77675343 0.5910697 0.70812112 0.76749939 0.58323246 
3.1700001 0.77696609 0.5909583 0.71186191 0.76569337 0.58234906 
3.1800001 0.77715284 0.59086633 0.71554017 0.76375812 0.58174556 
3.1900001 0.77731299 0.59079325 0.71915287 0.76169515 0.58142501 
3.2 0.77744597 0.59073842 0.72269738 0.75950617 0.58138973 
3.21 0.77755123 0.59070146 0.72617126 0.75719285 0.58164096 
3.22 0.7776283 0.59068185 0.72957212 0.7547574 0.58217919 
3.23 0.7776767 0.59067923 0.73289782 0.75220209 0.58300394 
3.24 0.77769595 0.59069324 0.73614645 0.74952924 0.58411396 
3.25 0.77768576 0.59072363 0.73931623 0.74674177 0.58550692 
3.26 0.77764571 0.59077001 0.74240553 0.74384248 0.5871796 
3.27 0.77757555 0.59083229 0.74541289 0.74083465 0.58912802 
3.28 0.77747488 0.5909102 0.74833691 0.73772174 0.59134716 
3.29 0.77734357 0.59100354 0.75117648 0.7345075 0.59383118 
3.3 0.77718127 0.59111214 0.75393045 0.73119593 0.59657323 
3.3099999 0.77698779 0.59123594 0.75659794 0.72779131 0.59956574 
3.3199999 0.77676296 0.59137475 0.7591781 0.72429818 0.60280013 
3.3299999 0.77650648 0.59152848 0.76167011 0.72072142 0.60626698 
3.3399999 0.7762183 0.59169698 0.76407343 0.71706611 0.60995626 
3.3499999 0.77589816 0.59188026 0.7663874 0.7133376 0.61385685 
3.3599999 0.7755459 0.59207821 0.76861167 0.70954162 0.61795717 
3.3699999 0.77516145 0.59229064 0.77074569 0.70568407 0.62224466 
3.3800001 0.77474463 0.59251761 0.77278924 0.70177108 0.62670636 
3.3900001 0.77429527 0.59275895 0.77474201 0.69780916 0.63132852 
3.4000001 0.77381331 0.59301466 0.77660376 0.69380486 0.63609695 
3.4100001 0.77329862 0.59328461 0.77837431 0.6897651 0.64099693 
3.4200001 0.77275109 0.59356874 0.7800535 0.68569702 0.64601344 
3.4300001 0.77217054 0.59386706 0.78164136 0.68160778 0.65113103 
3.4400001 0.77155703 0.59417945 0.78313774 0.67750496 0.65633398 
3.45 0.77091044 0.59450591 0.78454262 0.67339605 0.66160661 
3.46 0.77023065 0.59484631 0.78585607 0.66928875 0.666933 
3.47 0.76951772 0.59520078 0.78707814 0.66519105 0.67229718 
3.48 0.76877159 0.59556913 0.78820884 0.66111076 0.67768347 
3.49 0.7679922 0.59595156 0.78924829 0.65705591 0.68307626 
3.5 0.76717967 0.59634793 0.7901966 0.65303451 0.68846017 
3.51 0.76633394 0.59675837 0.79105389 0.64905471 0.69382024 
3.52 0.76545525 0.59718299 0.79182035 0.64512444 0.69914186 
3.53 0.76454359 0.59762186 0.79249614 0.6412518 0.70441085 
3.54 0.76359916 0.59807509 0.7930814 0.63744479 0.70961368 
3.55 0.76262212 0.59854287 0.79357642 0.63371128 0.7147373 
3.5599999 0.76161271 0.59902549 0.79398137 0.63005906 0.71976936 
3.5699999 0.76057124 0.59952319 0.79429656 0.62649584 0.72469819 
3.5799999 0.75949806 0.6000362 0.79452229 0.62302923 0.72951263 
3.5899999 0.75839353 0.6005649 0.79465872 0.61966658 0.73420244 
3.5999999 0.75725806 0.60110974 0.79470634 0.61641514 0.73875803 
3.6099999 0.75609213 0.6016711 0.7946654 0.61328185 0.7431705 
3.6199999 0.75489634 0.6022495 0.79453629 0.61027366 0.7474317 
3.6300001 0.75367123 0.60284555 0.79431945 0.60739702 0.75153416 
3.6400001 0.75241756 0.60345972 0.79401529 0.60465831 0.75547117 
3.6500001 0.751136 0.60409272 0.79362434 0.60206354 0.75923651 
3.6600001 0.74982733 0.60474527 0.79314697 0.59961855 0.76282471 
3.6700001 0.74849248 0.60541797 0.79258382 0.59732884 0.766231 
3.6800001 0.74713224 0.60611171 0.79193544 0.59519958 0.76945102 
3.6900001 0.74574769 0.60682726 0.79120249 0.59323561 0.77248091 
3.7 0.74433982 0.6075654 0.79038554 0.59144151 0.77531743 
3.71 0.74290967 0.60832709 0.78948528 0.5898214 0.77795774 
3.72 0.74145842 0.6091131 0.78850251 0.58837914 0.78039926 
3.73 0.73998725 0.60992438 0.78743792 0.58711821 0.78263992 
3.74 0.73849738 0.61076188 0.78629243 0.58604175 0.78467798 
3.75 0.73699003 0.61162639 0.7850669 0.58515239 0.78651184 
3.76 0.73546654 0.61251897 0.78376216 0.58445263 0.78814018 
3.77 0.73392826 0.61344039 0.78237921 0.58394426 0.78956205 
3.78 0.73237646 0.61439157 0.78091913 0.58362883 0.79077643 
3.79 0.73081261 0.61537343 0.77938288 0.5835076 0.79178262 
3.8 0.72923815 0.61638683 0.77777171 0.58358115 0.79257989 
3.8099999 0.72765434 0.61743248 0.77608663 0.58384985 0.79316777 
3.8199999 0.72606277 0.6185112 0.77432901 0.58431357 0.79354578 
3.8299999 0.72446477 0.61962372 0.7725001 0.58497173 0.79371345 
3.8399999 0.72286177 0.62077075 0.77060115 0.58582342 0.79367048 
3.8499999 0.72125524 0.62195289 0.76863372 0.58686727 0.79341656 
3.8599999 0.71964657 0.62317073 0.76659918 0.58810139 0.79295141 
3.8699999 0.71803713 0.62442482 0.76449901 0.58952349 0.79227495 
3.8800001 0.7164284 0.62571561 0.76233488 0.59113103 0.7913869 
3.8900001 0.71482164 0.62704343 0.76010841 0.59292084 0.79028738 
3.9000001 0.71321827 0.62840867 0.75782138 0.5948894 0.78897631 
3.9100001 0.71161962 0.62981164 0.75547546 0.59703279 0.78745389 
3.9200001 0.71002686 0.63125241 0.75307256 0.59934664 0.78572047 
3.9300001 0.70844138 0.63273114 0.75061458 0.60182625 0.78377646 
3.9400001 0.70686436 0.6342479 0.74810356 0.60446656 0.78162259 
3.95 0.70529693 0.63580263 0.74554145 0.60726196 0.7792598 
3.96 0.7037403 0.63739514 0.74293041 0.6102066 0.77668929 
3.97 0.70219547 0.63902533 0.74027258 0.6132943 0.77391255 
3.98 0.70066363 0.64069295 0.73757029 0.61651844 0.77093148 
3.99 0.69914562 0.64239752 0.73482573 0.61987221 0.76774848 
4 0.69764245 0.64413869 0.73204136 0.6233483 0.76436621 
4.0100002 0.69615501 0.64591587 0.7292195 0.62693936 0.76078796 
4.02 0.69468415 0.64772856 0.72636259 0.63063759 0.75701767 
4.0300002 0.69377351 0.65015227 0.72398448 0.63503212 0.75355411 
4.04 0.69332033 0.65306908 0.7219913 0.63998818 0.75031602 
4.0500002 0.69308853 0.65622228 0.72016352 0.64522994 0.74709952 
4.0599999 0.69288188 0.65940106 0.71831864 0.65053165 0.74373412 
4.0700002 0.69257998 0.66247761 0.71634525 0.65575486 0.740116 
4.0799999 0.69212759 0.66539437 0.71419293 0.66083419 0.73619986 
4.0900002 0.691513 0.66814017 0.71185243 0.66575205 0.73198014 
4.0999999 0.69074905 0.67072952 0.70933783 0.67051715 0.72747463 
4.1100001 0.68985975 0.67318821 0.70667374 0.67514956 0.72271276 
4.1199999 0.68887198 0.67554462 0.70388782 0.67967176 0.7177279 
4.1300001 0.68781108 0.67782491 0.70100647 0.68410385 0.71255332 
4.1399999 0.68669868 0.68005115 0.6980527 0.68846172 0.70722032 
4.1500001 0.68555236 0.68224072 0.69504583 0.69275659 0.70175761 
4.1599998 0.68438572 0.68440694 0.69200158 0.69699538 0.69619125 
4.1700001 0.68320894 0.68655914 0.68893254 0.70118135 0.69054502 
4.1799998 0.68202955 0.68870389 0.68584865 0.70531511 0.6848411 
4.1900001 0.68085289 0.69084543 0.68275803 0.70939511 0.6791001 
4.1999998 0.67968255 0.69298637 0.67966717 0.71341836 0.67334193 
4.21 0.6785211 0.6951279 0.67658144 0.71738076 0.66758573 
4.2199998 0.67737001 0.69727051 0.67350543 0.72127771 0.66185009 
4.23 0.67623031 0.69941378 0.67044312 0.72510421 0.65615344 
4.2399998 0.67510247 0.7015571 0.66739815 0.72885519 0.65051383 
4.25 0.67398655 0.70369941 0.6643737 0.73252553 0.64494908 
4.2600002 0.67288262 0.70583957 0.6613729 0.73611027 0.63947678 
4.27 0.67179036 0.7079761 0.65839857 0.73960453 0.63411433 
4.2800002 0.67070943 0.71010768 0.65545356 0.74300373 0.62887859 
4.29 0.66963947 0.71223277 0.65254056 0.74630368 0.62378627 
4.3000002 0.66858 0.71434999 0.6496622 0.74950022 0.61885345 
4.3099999 0.6675306 0.71645778 0.64682114 0.75258964 0.61409587 
4.3200002 0.66649067 0.71855474 0.64401996 0.75556856 0.60952842 
4.3299999 0.66545981 0.72063941 0.6412611 0.75843382 0.60516572 
4.3400002 0.66443747 0.72271049 0.63854718 0.76118249 0.60102135 
4.3499999 0.66342324 0.72476649 0.63588059 0.76381201 0.59710836 
4.3600001 0.66241658 0.72680628 0.63326389 0.76632005 0.59343898 
4.3699999 0.66141713 0.72882855 0.63069946 0.76870453 0.59002453 
4.3800001 0.66042435 0.7308321 0.62818962 0.77096367 0.58687562 
4.3899999 0.65943801 0.7328158 0.62573689 0.77309573 0.58400178 
4.4000001 0.65845764 0.73477858 0.62334347 0.77509934 0.58141178 
4.4099998 0.65748286 0.73671943 0.62101173 0.77697325 0.57911342 
4.4200001 0.65651345 0.73863727 0.61874396 0.77871644 0.57711369 
4.4299998 0.65554905 0.74053127 0.61654228 0.78032798 0.57541835 
4.4400001 0.65458935 0.74240047 0.61440891 0.78180712 0.57403249 
4.4499998 0.65363413 0.74424404 0.61234593 0.78315324 0.57296008 
4.46 0.6526832 0.74606121 0.61035544 0.78436577 0.57220417 
4.4699998 0.65173626 0.74785119 0.60843939 0.78544432 0.57176691 
4.48 0.65079314 0.74961329 0.60659969 0.78638852 0.57164937 
4.4899998 0.64985365 0.75134677 0.60483819 0.78719819 0.57185173 
4.5 0.64891762 0.75305104 0.60315675 0.78787303 0.57237315 
4.5100002 0.64798492 0.75472552 0.60155696 0.78841293 0.57321191 
4.52 0.64705527 0.75636947 0.60004044 0.78881782 0.57436526 
4.5300002 0.64612865 0.75798243 0.59860873 0.78908759 0.57582951 
4.54 0.64520478 0.75956386 0.59726322 0.7892223 0.57759994 
4.5500002 0.64428359 0.76111323 0.59600532 0.78922188 0.57967108 
4.5599999 0.64336491 0.76263005 0.59483618 0.7890864 0.58203626 
4.5700002 0.6424486 0.76411384 0.59375691 0.78881592 0.58468801 
4.5799999 0.64153451 0.76556408 0.59276861 0.78841043 0.58761787 
4.5900002 0.64062238 0.76698041 0.59187222 0.78787017 0.59081662 
4.5999999 0.63971221 0.76836234 0.59106845 0.78719527 0.59427398 
4.6100001 0.63880372 0.76970953 0.59035808 0.78638583 0.59797889 
4.6199999 0.63789684 0.77102154 0.58974165 0.78544205 0.60191947 
4.6300001 0.63699132 0.77229804 0.58921975 0.78436422 0.60608304 
4.6399999 0.636087 0.77353859 0.58879274 0.7831527 0.61045617 
4.6500001 0.63518375 0.77474296 0.58846086 0.78180772 0.61502469 
4.6599998 0.63428146 0.77591068 0.58822429 0.78032982 0.61977386 
4.6700001 0.63337988 0.77704155 0.58808321 0.77871948 0.62468833 
4.6799998 0.63247889 0.77813524 0.58803749 0.77697724 0.6297524 
4.6900001 0.63157839 0.77919149 0.58808708 0.77510393 0.63494962 
4.6999998 0.63067818 0.78021008 0.58823174 0.77310026 0.64026356 
4.71 0.62977821 0.78119063 0.58847117 0.77096719 0.64567727 
4.7199998 0.6288783 0.7821331 0.58880496 0.7687059 0.65117371 
4.73 0.62797838 0.78303719 0.58923262 0.76631767 0.65673584 
4.7399998 0.62707841 0.78390276 0.58975357 0.76380384 0.66234654 
4.75 0.62617832 0.78472972 0.5903672 0.7611661 0.66798884 
4.7600002 0.62527812 0.78551781 0.5910728 0.75840634 0.67364597 
4.77 0.62437779 0.78626704 0.59186941 0.7555266 0.67930132 
4.7800002 0.62347734 0.78697735 0.59275633 0.7525292 0.68493885 
4.79 0.62257683 0.78764862 0.59373248 0.74941677 0.69054288 
4.8000002 0.62167639 0.78828079 0.59479684 0.7461921 0.69609809 
4.8099999 0.62077606 0.78887403 0.5959484 0.74285829 0.70159 
4.8200002 0.61987615 0.78942817 0.59718585 0.73941892 0.70700461 
4.8299999 0.61897671 0.78994346 0.59850812 0.73587763 0.71232867 
4.8400002 0.61807799 0.79041982 0.59991378 0.73223853 0.71754956 
4.8499999 0.61718035 0.79085743 0.60140163 0.72850597 0.72265548 
4.8600001 0.61628395 0.79125643 0.60297012 0.72468477 0.72763544 
4.8699999 0.61538923 0.79161698 0.60461783 0.7207799 0.73247921 
4.8800001 0.61449653 0.79193926 0.60634327 0.71679676 0.73717731 
4.8899999 0.61360627 0.79222345 0.60814482 0.71274114 0.74172109 
4.9000001 0.61271888 0.79246974 0.61002082 0.70861912 0.74610269 
4.9099998 0.61183482 0.79267848 0.61196953 0.70443714 0.75031489 
4.9200001 0.61095452 0.7928499 0.61398923 0.70020181 0.75435132 
4.9299998 0.61007863 0.79298431 0.61607814 0.69592017 0.75820625 
4.9400001 0.60920763 0.79308188 0.61823428 0.69159961 0.76187462 
4.9499998 0.60834205 0.79314309 0.62045568 0.68724775 0.76535201 
4.96 0.60748249 0.79316825 0.62274045 0.6828723 0.76863456 
4.9699998 0.60662961 0.79315758 0.62508637 0.67848146 0.77171892 
4.98 0.605784 0.7931115 0.62749141 0.67408353 0.77460223 
4.9899998 0.60494626 0.79303044 0.62995332 0.66968691 0.77728212 
5 0.60411698 0.79291469 0.63246983 0.66530031 0.77975661 
5.0100002 0.60329682 0.79276454 0.63503861 0.66093242 0.78202397 
5.02 0.60248637 0.79258049 0.63765723 0.65659207 0.78408289 
5.0300002 0.6016863 0.79236287 0.64032322 0.65228832 0.78593224 
5.04 0.60089719 0.79211199 0.6430341 0.64802998 0.78757131 
5.0500002 0.60011959 0.79182827 0.6457873 0.64382607 0.78899932 
5.0599999 0.59935421 0.79151201 0.64858007 0.63968545 0.79021585 
5.0700002 0.59860146 0.79116362 0.65140975 0.63561708 0.79122049 
5.0799999 0.59786201 0.79078341 0.65427363 0.63162959 0.79201305 
5.0900002 0.59713632 0.79037172 0.65716881 0.62773168 0.79259336 
5.0999999 0.59642494 0.78992885 0.66009253 0.62393183 0.7929613 
5.1100001 0.59572828 0.78945512 0.66304177 0.6202383 0.79311693 
5.1199999 0.59504688 0.78895086 0.66601372 0.61665922 0.7930603 
5.1300001 0.59438115 0.78841633 0.66900533 0.61320239 0.79279149 
5.1399999 0.5937314 0.78785187 0.67201364 0.60987538 0.7923106 
5.1500001 0.5930981 0.78725767 0.6750356 0.60668552 0.79161799 
5.1599998 0.59248161 0.78663397 0.67806816 0.60363984 0.79071379 
5.1700001 0.59188211 0.78598112 0.6811083 0.60074496 0.78959852 
5.1799998 0.59129995 0.78529924 0.68415296 0.59800732 0.78827262 
5.1900001 0.59073544 0.78458863 0.68719906 0.59543282 0.78673673 
5.1999998 0.59018868 0.78384948 0.6902436 0.59302706 0.78499162 
5.21 0.58965993 0.78308189 0.69328344 0.5907954 0.78303832 
5.2199998 0.5891493 0.78228611 0.69631571 0.58874267 0.78087801 
5.23 0.5886569 0.78146231 0.6993373 0.58687323 0.77851212 
5.2399998 0.58818281 0.78061056 0.70234537 0.58519125 0.7759425 
5.25 0.58772713 0.77973109 0.70533681 0.58370036 0.77317125 
5.2600002 0.58728975 0.77882397 0.70830888 0.58240372 0.77020091 
5.27 0.58687079 0.77788931 0.71125871 0.58130419 0.76703435 
5.2800002 0.58647007 0.77692717 0.71418339 0.5804041 0.76367509 
5.29 0.58608752 0.77593768 0.71708035 0.57970542 0.76012701 
5.3000002 0.58572304 0.77492082 0.71994674 0.57920963 0.75639468 
5.3099999 0.58537644 0.77387673 0.72278005 0.5789178 0.75248325 
5.3200002 0.58504748 0.77280533 0.72557765 0.57883048 0.74839842 
5.3299999 0.58473599 0.7717067 0.72833705 0.57894796 0.74414682 
5.3400002 0.5844416 0.77058083 0.7310558 0.57926989 0.73973548 
5.3499999 0.58416408 0.76942766 0.73373151 0.57979554 0.73517239 
5.3600001 0.58390301 0.76824713 0.73636198 0.58052379 0.73046619 
5.3699999 0.58365804 0.7670393 0.73894495 0.58145303 0.72562641 
5.3800001 0.58342874 0.76580405 0.74147832 0.58258122 0.72066325 
5.3899999 0.5832147 0.76454127 0.74395996 0.58390582 0.71558762 
5.4000001 0.58301538 0.76325089 0.7463879 0.58542401 0.71041137 
5.4099998 0.58283043 0.76193285 0.74876028 0.58713233 0.70514691 
5.4200001 0.58265918 0.76058704 0.75107533 0.58902711 0.69980752 
5.4299998 0.58250117 0.75921339 0.75333124 0.59110403 0.69440693 
5.4400001 0.58235592 0.75781173 0.75552636 0.59335864 0.68895966 
5.4499998 0.58222276 0.75638199 0.7576592 0.5957858 0.68348068 
5.46 0.58210117 0.75492406 0.75972825 0.59838015 0.67798555 
5.4699998 0.5819906 0.75343788 0.7617321 0.60113603 0.67249012 
5.48 0.58189046 0.75192332 0.76366949 0.6040473 0.66701066 
5.4899998 0.58180028 0.7503804 0.76553923 0.6071074 0.66156369 
5.5 0.58171946 0.74880904 0.76734012 0.61030966 0.6561659 
5.5100002 0.58164746 0.74720919 0.7690711 0.61364704 0.65083408 
5.52 0.5815838 0.74558091 0.77073127 0.6171121 0.64558494 
5.5300002 0.58152807 0.7439242 0.77231979 0.62069726 0.6404351 
5.54 0.58147973 0.74223918 0.77383572 0.62439466 0.63540113 
5.5500002 0.58143842 0.7405259 0.77527845 0.62819636 0.63049918 
5.5599999 0.58140373 0.73878455 0.77664733 0.63209409 0.62574506 
5.5700002 0.58137536 0.73701531 0.77794176 0.63607943 0.62115425 
5.5799999 0.58135301 0.73521841 0.77916121 0.64014393 0.61674154 
5.5900002 0.58133638 0.73339415 0.78030533 0.644279 0.61252129 
5.5999999 0.58132529 0.73154289 0.78137368 0.64847606 0.60850722 
5.6100001 0.58131951 0.72966498 0.78236604 0.65272635 0.60471225 
5.6199999 0.58131903 0.72776085 0.7832821 0.65702122 0.60114866 
5.6300001 0.58132362 0.72583103 0.78412169 0.66135204 0.59782791 
5.6399999 0.58133334 0.72387606 0.78488463 0.66571009 0.59476054 
5.6500001 0.58134812 0.72189647 0.78557092 0.67008698 0.59195638 
5.6599998 0.58136803 0.71989298 0.7861805 0.67447424 0.58942431 
5.6700001 0.58139312 0.71786624 0.7867133 0.67886358 0.58717233 
5.6799998 0.58142346 0.71581697 0.78716934 0.68324685 0.5852074 
5.6900001 0.58145922 0.71374601 0.78754878 0.68761611 0.58353573 
5.6999998 0.58150047 0.71165413 0.78785163 0.69196361 0.58216244 
5.71 0.5815475 0.70954227 0.78807801 0.69628185 0.58109182 
5.7199998 0.58160037 0.70741123 0.78822809 0.70056343 0.58032703 
5.73 0.58165932 0.70526201 0.78830194 0.70480138 0.5798704 
5.7399998 0.58172458 0.70309561 0.78829986 0.70898885 0.5797233 
5.75 0.58179635 0.70091289 0.78822196 0.71311939 0.57988608 
5.7600002 0.58187485 0.69871503 0.78806841 0.71718675 0.58035809 
5.77 0.58196026 0.69650298 0.78783941 0.72118497 0.58113778 
5.7800002 0.58205283 0.69427776 0.78753519 0.72510844 0.58222264 
5.79 0.58215266 0.6920405 0.78715599 0.72895175 0.58360916 
5.8000002 0.58226001 0.68979228 0.78670198 0.73270994 0.58529282 
5.8099999 0.58237505 0.68753415 0.78617334 0.73637819 0.58726835 
5.8200002 0.58249784 0.68526721 0.78557032 0.73995215 0.58952922 
5.8299999 0.58262861 0.68299252 0.78489316 0.74342757 0.59206831 
5.8400002 0.58276737 0.68071115 0.78414208 0.7468006 0.5948773 
5.8499999 0.58291423 0.67842424 0.78331727 0.75006771 0.59794712 
5.8600001 0.58306921 0.6761328 0.78241891 0.75322551 0.60126787 
5.8699999 0.5832324 0.6738379 0.78144729 0.75627095 0.60482866 
5.8800001 0.58340371 0.67154062 0.78040266 0.75920129 0.60861784 
5.8899999 0.58358318 0.66924196 0.77928513 0.76201391 0.61262304 
5.9000001 0.58377069 0.66694301 0.77809507 0.76470649 0.61683112 
5.9099998 0.58396614 0.66464466 0.7768327 0.76727688 0.62122828 
5.9200001 0.58416951 0.66234803 0.77549821 0.76972324 0.62580001 
5.9299998 0.58438057 0.66005403 0.77409196 0.7720437 0.63053143 
5.9400001 0.5845992 0.6577636 0.7726143 0.77423692 0.63540703 
5.9499998 0.58482522 0.65547776 0.77106541 0.77630132 0.6404109 
5.96 0.58505839 0.65319747 0.76944578 0.77823573 0.64552683 
5.9699998 0.5852986 0.65092361 0.76775569 0.78003913 0.65073836 
5.98 0.5855456 0.64865714 0.76599568 0.78171045 0.65602893 
5.9899998 0.5857991 0.64639896 0.76416618 0.7832489 0.66138178 
6 0.58605897 0.64415008 0.76226765 0.78465366 0.66678023 
6.0100002 0.58632493 0.64191127 0.76030076 0.7859242 0.67220777 
6.02 0.58659679 0.6396836 0.75826609 0.78705984 0.67764801 
6.0300002 0.58687431 0.63746792 0.75616437 0.78806019 0.68308485 
6.04 0.5872196 0.63532412 0.75404513 0.78896624 0.68855798 
6.0500002 0.58765805 0.63327789 0.75193024 0.78979486 0.69407326 
6.0599999 0.58817768 0.63131976 0.74981213 0.79053783 0.69960314 
6.0700002 0.58874869 0.62942308 0.74766934 0.79117543 0.70510554 
6.0799999 0.58933908 0.62755895 0.74547821 0.79168642 0.71053827 
6.0900002 0.58992338 0.62570399 0.74321967 0.79205388 0.71586615 
6.0999999 0.59048474 0.62384319 0.74088162 0.79226673 0.72106302 
6.1100001 0.59101468 0.6219691 0.73845822 0.79231918 0.72611105 
6.1199999 0.59151071 0.62008011 0.73594862 0.79220963 0.73099834 
6.1300001 0.59197468 0.61817867 0.7333554 0.79193908 0.73571742 
6.1399999 0.59241062 0.61626941 0.73068309 0.79151028 0.74026322 
6.1500001 0.59282357 0.61435801 0.72793734 0.79092634 0.74463218 
6.1599998 0.5932188 0.61245036 0.72512388 0.79019076 0.74882132 
6.1700001 0.59360135 0.61055213 0.72224855 0.78930676 0.752828 
6.1799998 0.59397542 0.60866833 0.71931684 0.78827721 0.75664961 
6.1900001 0.59434485 0.6068036 0.71633387 0.78710467 0.76028347 
6.1999998 0.59471273 0.60496181 0.71330434 0.78579128 0.76372695 
6.21 0.59508175 0.60314649 0.71023279 0.78433901 0.76697755 
6.2199998 0.59545404 0.60136068 0.7071234 0.78274947 0.7700327 
6.23 0.59583151 0.59960711 0.70398027 0.78102434 0.77289027 
6.2399998 0.59621561 0.59788811 0.70080727 0.77916503 0.7755481 
6.25 0.59660786 0.59620607 0.69760847 0.77717304 0.77800435 
6.2600002 0.59700942 0.59456295 0.69438761 0.77504981 0.78025734 
6.27 0.59742135 0.59296072 0.69114858 0.77279705 0.78230566 
6.2800002 0.59784484 0.59140134 0.68789542 0.77041638 0.78414822 
6.29 0.59828085 0.58988649 0.68463194 0.76790965 0.78578389 
6.3000002 0.59873027 0.58841801 0.68136221 0.76527894 0.78721195 
6.3099999 0.59919405 0.58699757 0.67809027 0.76252639 0.78843176 
6.3200002 0.59967315 0.58562678 0.67482018 0.75965452 0.78944272 
6.3299999 0.60016841 0.58430725 0.67155612 0.75666595 0.79024458 
6.3400002 0.60068059 0.58304054 0.66830218 0.75356358 0.79083693 
6.3499999 0.60121059 0.58182812 0.66506261 0.75035059 0.79121971 
6.3600001 0.6017592 0.58067137 0.66184151 0.74703038 0.79139274 
6.3699999 0.60232711 0.57957172 0.65864319 0.74360669 0.79135603 
6.3800001 0.60291499 0.57853055 0.65547174 0.74008352 0.79110956 
6.3899999 0.60352361 0.57754898 0.65233135 0.7364651 0.79065353 
6.4000001 0.60415357 0.57662827 0.64922607 0.73275602 0.78998804 
6.4099998 0.60480541 0.57576942 0.64616013 0.72896123 0.78911346 
6.4200001 0.6054796 0.57497364 0.6431374 0.72508585 0.78803015 
6.4299998 0.60617667 0.5742417 0.64016193 0.72113544 0.78673851 
6.4400001 0.60689706 0.57357454 0.63723761 0.71711564 0.78523928 
6.4499998 0.60764104 0.57297295 0.63436818 0.71303254 0.78353316 
6.46 0.60840893 0.57243758 0.6315574 0.70889252 0.78162122 
6.4699998 0.60920095 0.57196909 0.6288088 0.7047022 0.7795046 
6.48 0.61001736 0.57156795 0.62612593 0.70046836 0.77718478 
6.4899998 0.61085808 0.57123458 0.62351221 0.69619817 0.77466357 
6.5 0.6117233 0.57096934 0.62097073 0.69189888 0.77194303 
6.5100002 0.6126129 0.57077241 0.6185047 0.68757802 0.76902562 
6.52 0.61352676 0.5706439 0.61611712 0.68324327 0.76591426 
6.5300002 0.61446476 0.57058388 0.61381072 0.67890257 0.76261228 
6.54 0.6154266 0.57059228 0.61158818 0.67456377 0.75912356 
6.5500002 0.61641198 0.57066894 0.60945201 0.67023504 0.75545251 
6.5599999 0.61742055 0.57081354 0.60740459 0.66592449 0.75160402 
6.5700002 0.61845171 0.57102567 0.60544807 0.66164035 0.74758381 
6.5799999 0.61950505 0.57130498 0.60358447 0.65739083 0.74339807 
6.5900002 0.6205799 0.5716508 0.60181558 0.65318412 0.73905373 
6.5999999 0.62167555 0.57206249 0.60014307 0.64902848 0.73455846 
6.6100001 0.62279135 0.57253927 0.5985685 0.64493191 0.72992057 
6.6199999 0.62392634 0.57308024 0.59709311 0.6409024 0.72514921 
6.6300001 0.62507981 0.57368439 0.59571803 0.63694793 0.72025412 
6.6399999 0.62625062 0.57435071 0.59444427 0.63307619 0.71524596 
6.6500001 0.62743795 0.57507813 0.59327257 0.62929475 0.710136 
6.6599998 0.62864065 0.57586521 0.59220362 0.62561089 0.70493621 
6.6700001 0.62985766 0.57671082 0.59123772 0.62203187 0.69965929 
6.6799998 0.63108778 0.57761347 0.59037536 0.61856449 0.69431853 
6.6900001 0.63232982 0.57857174 0.58961654 0.61521542 0.68892783 
6.6999998 0.63358265 0.57958406 0.58896124 0.61199111 0.68350166 
6.71 0.6348449 0.5806489 0.58840936 0.60889757 0.67805487 
6.7199998 0.63611543 0.58176458 0.58796054 0.60594064 0.67260295 
6.73 0.63739288 0.58292943 0.58761442 0.60312581 0.66716141 
6.7399998 0.63867599 0.58414185 0.58737034 0.6004582 0.66174638 
6.75 0.63996345 0.58539999 0.58722776 0.59794283 0.65637386 
6.7600002 0.64125407 0.58670217 0.58718574 0.59558409 0.65106016 
6.77 0.64254659 0.58804667 0.58724356 0.59338635 0.64582157 
6.7800002 0.64383978 0.5894317 0.58740014 0.59135336 0.64067423 
6.79 0.64513236 0.59085554 0.58765447 0.5894888 0.63563424 
6.8000002 0.64642334 0.59231645 0.58800542 0.58779585 0.6307174 
6.8099999 0.64771158 0.59381282 0.5884518 0.58627748 0.62593913 
6.8200002 0.64899594 0.59534293 0.58899236 0.58493626 0.6213147 
6.8299999 0.65027559 0.59690517 0.58962578 0.58377445 0.61685872 
6.8400002 0.65154946 0.59849805 0.59035075 0.58279401 0.61258531 
6.8499999 0.65281677 0.60011995 0.59116578 0.58199656 0.60850799 
6.8600001 0.65407681 0.60176951 0.59206951 0.58138341 0.60463977 
6.8699999 0.65532875 0.60344523 0.59306043 0.58095551 0.60099286 
6.8800001 0.65657198 0.60514581 0.59413713 0.58071357 0.5975787 
6.8899999 0.65780598 0.60687006 0.59529793 0.58065796 0.59440804 
6.9000001 0.65903032 0.60861665 0.59654146 0.58078855 0.59149086 
6.9099998 0.66024446 0.61038446 0.597866 0.58110523 0.58883625 
6.9200001 0.66144818 0.61217248 0.59927005 0.58160722 0.58645236 
6.9299998 0.66264117 0.61397958 0.60075188 0.58229369 0.58434671 
6.9400001 0.66382319 0.61580491 0.60230994 0.58316326 0.58252567 
6.9499998 0.66499424 0.61764753 0.60394245 0.58421433 0.5809949 
6.96 0.66615421 0.6195066 0.6056478 0.58544493 0.57975912 
6.9699998 0.66730303 0.62138128 0.6074242 0.58685291 0.57882208 
6.98 0.66844082 0.62327087 0.6092698 0.58843547 0.57818663 
6.9899998 0.66956764 0.62517464 0.61118293 0.59018975 0.57785469 
7 0.67068368 0.62709194 0.61316162 0.59211248 0.57782727 
7.0100002 0.67178905 0.62902212 0.61520398 0.59419996 0.57810456 
7.02 0.67288405 0.63096458 0.61730814 0.59644818 0.57868552 
7.0300002 0.67396885 0.63291872 0.61947203 0.59885287 0.57956856 
7.04 0.67504376 0.63488394 0.62169361 0.60140944 0.58075088 
7.0500002 0.67610902 0.63685971 0.62397081 0.60411286 0.58222884 
7.0599999 0.67716497 0.6388455 0.62630147 0.60695779 0.58399791 
7.0700002 0.67821199 0.64084077 0.62868333 0.60993868 0.5860526 
7.0799999 0.67925024 0.64284492 0.63111418 0.61304957 0.58838654 
7.0900002 0.68028015 0.64485741 0.63359165 0.61628425 0.59099239 
7.0999999 0.68130195 0.64687771 0.63611335 0.6196363 0.59386206 
7.1100001 0.68231601 0.64890522 0.63867682 0.62309891 0.59698635 
7.1199999 0.68332267 0.65093935 0.64127958 0.62666506 0.60035557 
7.1300001 0.68432206 0.65297955 0.64391911 0.63032758 0.60395879 
7.1399999 0.6853146 0.65502518 0.64659268 0.63407898 0.60778469 
7.1500001 0.68630052 0.65707558 0.64929777 0.63791174 0.61182088 
7.1599998 0.68728 0.65913016 0.6520316 0.64181793 0.61605448 
7.1700001 0.68825334 0.66118819 0.65479141 0.64578974 0.62047189 
7.1799998 0.68922067 0.66324908 0.65757447 0.6498192 0.62505883 
7.1900001 0.69018227 0.66531199 0.66037786 0.65389806 0.62980062 
7.1999998 0.69113827 0.66737628 0.66319889 0.65801829 0.634682 
7.21 0.69208884 0.66944122 0.66603458 0.66217172 0.63968742 
7.2199998 0.69303411 0.67150611 0.66888213 0.66635013 0.64480096 
7.23 0.6939742 0.6735701 0.67173856 0.67054546 0.65000647 
7.2399998 0.69490927 0.67563254 0.67460114 0.67474955 0.65528762 
7.25 0.69583946 0.67769253 0.67746687 0.67895454 0.66062808 
7.2600002 0.69676477 0.67974943 0.6803329 0.68315262 0.66601151 
7.27 0.69768536 0.68180245 0.68319649 0.68733597 0.67142171 
7.2800002 0.69860137 0.68385077 0.68605477 0.69149715 0.67684263 
7.29 0.69951284 0.68589371 0.688905 0.69562882 0.68225849 
7.3000002 0.70041984 0.68793052 0.69174445 0.6997239 0.6876539 
7.3099999 0.70132262 0.68996042 0.69457042 0.70377558 0.69301385 
7.3200002 0.70222116 0.69198281 0.6973803 0.7077772 0.69832397 
7.3299999 0.70311558 0.69399691 0.70017153 0.71172243 0.70357019 
7.3400002 0.70400614 0.69600213 0.70294172 0.71560526 0.70873928 
7.3499999 0.70489293 0.69799781 0.70568836 0.71941996 0.71381855 
7.3600001 0.7057761 0.6999833 0.70840913 0.7231611 0.71879596 
7.3699999 0.70665592 0.70195812 0.71110177 0.72682351 0.72366023 
7.3800001 0.70753253 0.70392168 0.71376419 0.73040241 0.72840083 
7.3899999 0.70840615 0.70587349 0.71639431 0.73389333 0.73300797 
7.4000001 0.70927715 0.70781308 0.71899003 0.73729205 0.73747247 
7.4099998 0.71014571 0.70974004 0.72154957 0.74059474 0.74178606 
7.4200001 0.71101218 0.71165389 0.72407109 0.74379784 0.74594116 
7.4299998 0.71187687 0.71355432 0.7265529 0.746898 0.7499308 
7.4400001 0.71274018 0.71544099 0.72899336 0.74989235 0.75374877 
7.4499998 0.71360236 0.71731353 0.73139089 0.75277811 0.75738943 
7.46 0.71446383 0.71917176 0.73374414 0.75555289 0.76084793 
7.4699998 0.715325 0.72101533 0.73605174 0.75821453 0.7641198 
7.48 0.71618629 0.72284412 0.73831236 0.76076108 0.76720124 
7.4899998 0.71704805 0.72465783 0.74052483 0.76319075 0.77008885 
7.5 0.71791071 0.72645628 0.74268806 0.76550215 0.77277982 
7.5100002 0.71877468 0.7282393 0.74480093 0.76769388 0.77527165 
7.52 0.71964037 0.73000675 0.74686253 0.76976484 0.7775622 
7.5300002 0.72050822 0.73175842 0.74887192 0.77171415 0.77964979 
7.54 0.72137851 0.73349416 0.75082827 0.77354085 0.78153288 
7.5500002 0.72225171 0.73521388 0.75273073 0.77524436 0.78321028 
7.5599999 0.72312814 0.73691732 0.75457853 0.77682406 0.78468108 
7.5700002 0.72400808 0.73860431 0.75637096 0.77827954 0.78594434 
7.5799999 0.7248919 0.74027473 0.75810742 0.77961046 0.78699952 
7.5900002 0.72577983 0.74192834 0.75978726 0.7808165 0.78784615 
7.5999999 0.72667217 0.74356496 0.76140988 0.78189743 0.7884838 
7.6100001 0.7275691 0.74518442 0.76297468 0.78285319 0.78891224 
7.6199999 0.72847074 0.74678636 0.76448113 0.78368366 0.78913122 
7.6300001 0.72937733 0.74837053 0.76592875 0.78438872 0.7891407 
7.6399999 0.73028886 0.74993676 0.76731706 0.78496844 0.78894067 
7.6500001 0.73120546 0.75148463 0.76864558 0.78542286 0.78853112 
7.6599998 0.73212719 0.75301391 0.76991385 0.785752 0.78791219 
7.6700001 0.73305392 0.75452423 0.77112144 0.78595585 0.7870841 
7.6799998 0.73398566 0.75601518 0.772268 0.78603464 0.78604722 
7.6900001 0.73492229 0.7574864 0.7733531 0.78598839 0.78480196 
7.6999998 0.73586369 0.7589376 0.77437627 0.78581727 0.78334892 
7.71 0.73680967 0.76036817 0.77533722 0.78552139 0.78168875 
7.7199998 0.73776007 0.76177782 0.77623558 0.78510094 0.77982253 
7.73 0.73871452 0.76316595 0.77707094 0.78455603 0.77775127 
7.7399998 0.73967284 0.76453227 0.777843 0.78388697 0.77547652 
7.75 0.74063468 0.76587611 0.7785514 0.78309393 0.77299988 
7.7600002 0.74159962 0.76719707 0.77919573 0.78217715 0.77032351 
7.77 0.74256736 0.76849461 0.77977574 0.78113693 0.76744974 
7.7800002 0.74353743 0.76976818 0.78029102 0.77997363 0.76438147 
7.79 0.74450934 0.77101713 0.78074127 0.7786876 0.76112193 
7.8000002 0.74548262 0.77224106 0.78112608 0.77727932 0.75767499 
7.8099999 0.7464568 0.77343929 0.78144521 0.77574927 0.75404495 
7.8200002 0.74743122 0.77461118 0.78169823 0.77409798 0.75023669 
7.8299999 0.74840534 0.77575624 0.78188485 0.77232611 0.74625582 
7.8400002 0.74937862 0.77687371 0.78200459 0.77043438 0.74210846 
7.8499999 0.7503503 0.77796298 0.78205723 0.76842368 0.73780149 
7.8600001 0.75131971 0.77902347 0.78204226 0.76629484 0.73334253 
7.8699999 0.75228626 0.78005445 0.78195941 0.76404899 0.72873974 
7.8800001 0.75324911 0.78105521 0.78180814 0.76168728 0.72400224 
7.8899999 0.75420755 0.7820251 0.7815882 0.75921106 0.7191397 
7.9000001 0.75516081 0.78296334 0.78129905 0.75662172 0.71416265 
7.9099998 0.75610811 0.78386927 0.78094029 0.75392097 0.70908225 
7.9200001 0.75704855 0.78474212 0.7805115 0.75111061 0.70391041 
7.9299998 0.75798136 0.78558123 0.78001225 0.74819255 0.69865966 
7.9400001 0.75890571 0.78638572 0.77944207 0.74516898 0.69334322 
7.9499998 0.75982076 0.78715491 0.77880055 0.74204236 0.68797487 
7.96 0.76072556 0.78788799 0.77808714 0.73881525 0.68256897 
7.9699998 0.76161927 0.78858429 0.77730149 0.73549044 0.6771403 
7.98 0.76250106 0.78924292 0.77644306 0.7320711 0.67170399 
7.9899998 0.76337004 0.78986323 0.7755115 0.72856039 0.66627562 
8 0.7642253 0.79044437 0.77450633 0.72496206 0.66087109 
8.0100002 0.76506603 0.7909857 0.77342713 0.72127974 0.65550625 
8.0200005 0.76589143 0.79148644 0.7722736 0.71751773 0.65019721 
8.0299997 0.76670063 0.79194582 0.77104527 0.71368027 0.64496005 
8.04 0.76749289 0.79236317 0.76974195 0.70977199 0.6398108 
8.0500002 0.76827163 0.79274184 0.76836783 0.70580351 0.63477111 
8.0600004 0.76904058 0.79308522 0.76692754 0.7017858 0.62986273 
8.0699997 0.76980072 0.79339439 0.76542294 0.69772702 0.62510353 
8.0799999 0.77055037 0.79366773 0.76385295 0.69363189 0.62050748 
8.0900002 0.77128625 0.7939021 0.7622146 0.68950295 0.61608529 
8.1000004 0.77200425 0.79409373 0.76050436 0.68534207 0.61184621 
8.1099997 0.77270061 0.79423916 0.75871879 0.68115157 0.60779905 
8.1199999 0.77337253 0.79433548 0.75685531 0.6769346 0.60395283 
8.1300001 0.77401775 0.79438072 0.75491226 0.67269588 0.60031688 
8.1400003 0.77463508 0.79437363 0.75288898 0.66844112 0.59690112 
8.1499996 0.77522385 0.79431355 0.75078553 0.6641773 0.59371537 
8.1599998 0.77578413 0.79420036 0.74860257 0.65991193 0.59076935 
8.1700001 0.77631599 0.79403412 0.74634129 0.65565336 0.5880723 
8.1800003 0.77681994 0.79381514 0.744003 0.65140998 0.58563298 
8.1899996 0.77729636 0.79354376 0.74158925 0.64719057 0.5834592 
8.1999998 0.7777459 0.7932204 0.73910177 0.64300394 0.58155799 
8.21 0.77816898 0.79284531 0.73654222 0.63885885 0.57993537 
8.2200003 0.77856606 0.79241884 0.73391241 0.6347639 0.57859641 
8.2299995 0.77893758 0.79194123 0.73121417 0.63072777 0.57754505 
8.2399998 0.77928394 0.79141277 0.72844934 0.62675881 0.57678443 
8.25 0.77960551 0.79083353 0.72561991 0.62286538 0.57631654 
8.2600002 0.77990264 0.79020381 0.72272784 0.61905557 0.57614243 
8.2700005 0.78017563 0.78952366 0.71977526 0.61533731 0.57626224 
8.2799997 0.78042489 0.78879327 0.71676433 0.6117183 0.576675 
8.29 0.78065062 0.78801274 0.71369725 0.60820609 0.57737899 
8.3000002 0.78085327 0.78718227 0.71057659 0.60480797 0.57837152 
8.3100004 0.78103304 0.78630197 0.70740467 0.60153091 0.57964891 
8.3199997 0.7811904 0.78537202 0.70418417 0.5983817 0.58120662 
8.3299999 0.7813257 0.7843926 0.70091778 0.59536684 0.58303934 
8.3400002 0.78143924 0.78336394 0.69760835 0.5924924 0.58514076 
8.3500004 0.78153139 0.78228617 0.69425881 0.58976442 0.58750373 
8.3599997 0.78160268 0.78115958 0.69087225 0.58718842 0.59012038 
8.3699999 0.78165334 0.77998435 0.68745178 0.58476955 0.59298193 
8.3800001 0.78168392 0.77876085 0.68400073 0.58251268 0.59607881 
8.3900003 0.78169477 0.77748936 0.68052238 0.5804224 0.59940082 
8.3999996 0.78168637 0.77617013 0.67702025 0.57850289 0.60293692 
8.4099998 0.78165919 0.77480358 0.67349792 0.57675791 0.60667539 
8.4200001 0.78161365 0.77339 0.66995895 0.57519084 0.61060399 
8.4300003 0.78155023 0.77192986 0.66640717 0.57380474 0.61470968 
8.4399996 0.78146946 0.77042359 0.66284627 0.57260233 0.6189791 
8.4499998 0.78137183 0.76887155 0.65928024 0.57158589 0.6233983 
8.46 0.78125781 0.76727438 0.65571296 0.57075727 0.62795293 
8.4700003 0.78112793 0.76563245 0.65214843 0.57011807 0.63262826 
8.4799995 0.78098279 0.76394647 0.64859068 0.56966937 0.63740927 
8.4899998 0.78082293 0.76221699 0.64504385 0.56941193 0.64228082 
8.5 0.78064883 0.76044464 0.6415121 0.56934619 0.64722759 
8.5100002 0.78046119 0.75863016 0.63799959 0.56947207 0.65223408 
8.5200005 0.78026056 0.75677431 0.63451052 0.56978935 0.65728492 
8.5299997 0.78004754 0.75487775 0.63104916 0.57029718 0.6623649 
8.54 0.77982283 0.75294149 0.62761968 0.5709945 0.66745877 
8.5500002 0.77958709 0.75096631 0.62422639 0.57187986 0.67255181 
8.5600004 0.77934092 0.74895322 0.62087357 0.57295144 0.67762923 
8.5699997 0.7790851 0.74690324 0.61756545 0.57420701 0.68267697 
8.5799999 0.77882034 0.74481744 0.61430633 0.5756442 0.6876812 
8.5900002 0.77854735 0.742697 0.61110032 0.57725996 0.69262856 
8.6000004 0.77826697 0.74054301 0.60795176 0.57905126 0.69750637 
8.6099997 0.77797991 0.73835689 0.60486484 0.58101445 0.70230234 
8.6199999 0.77768707 0.73613995 0.6018436 0.58314574 0.7070049 
8.6300001 0.77738929 0.73389351 0.59889221 0.58544099 0.71160311 
8.6400003 0.77708739 0.73161912 0.5960148 0.58789563 0.71608663 
8.6499996 0.77678227 0.72931838 0.59321529 0.59050494 0.72044581 
8.6599998 0.77647483 0.72699279 0.59049761 0.5932638 0.72467166 
8.6700001 0.77616602 0.72464412 0.58786577 0.59616691 0.72875583 
8.6800003 0.77585679 0.72227407 0.58532351 0.59920865 0.73269069 
8.6899996 0.77554804 0.71988451 0.58287454 0.60238308 0.73646915 
8.6999998 0.77524084 0.71747732 0.58052254 0.6056841 0.74008495 
8.71 0.77493614 0.71505433 0.57827103 0.60910529 0.74353212 
8.7200003 0.7746349 0.7126177 0.57612354 0.61264014 0.74680561 
8.7299995 0.77433819 0.71016932 0.57408333 0.61628181 0.7499007 
8.7399998 0.77404696 0.70771134 0.57215369 0.62002325 0.75281328 
8.75 0.77376223 0.70524591 0.57033771 0.62385744 0.7555396 
8.7600002 0.773485 0.70277518 0.56863838 0.62777698 0.75807661 
8.7700005 0.77321625 0.70030135 0.56705862 0.63177443 0.76042145 
8.7799997 0.77295697 0.69782668 0.56560105 0.6358422 0.76257175 
8.79 0.77270812 0.69535333 0.56426835 0.63997275 0.76452547 
8.8000002 0.77247065 0.69288361 0.56306291 0.6441583 0.76628089 
8.8100004 0.77224547 0.69041979 0.56198704 0.64839101 0.76783663 
8.8199997 0.77203339 0.68796408 0.56104279 0.65266317 0.7691915 
8.8299999 0.77183545 0.6855188 0.5602321 0.65696692 0.77034461 
8.8400002 0.77165228 0.68308616 0.55955684 0.66129458 0.77129519 
8.8500004 0.77148473 0.68066829 0.55901855 0.66563827 0.77204287 
8.8599997 0.77133358 0.67826748 0.55861866 0.66999042 0.77258718 
8.8699999 0.77119946 0.67588586 0.55835843 0.67434341 0.77292812 
8.8800001 0.771083 0.67352557 0.55823892 0.67868984 0.77306563 
8.8900003 0.77098489 0.67118859 0.55826098 0.68302226 0.77299988 
8.8999996 0.77090555 0.66887701 0.55842525 0.68733352 0.77273124 
8.9099998 0.77084553 0.66659278 0.55873227 0.69161671 0.77226019 
8.9200001 0.77080524 0.66433775 0.55918223 0.69586492 0.77158737 
8.9300003 0.77078503 0.66211385 0.55977529 0.70007157 0.77071363 
8.9399996 0.77078521 0.65992278 0.56051123 0.70423025 0.76963997 
8.9499998 0.77080601 0.65776622 0.5613898 0.70833492 0.76836759 
8.96 0.77084762 0.65564573 0.56241035 0.71237952 0.76689792 
8.9700003 0.77091014 0.65356296 0.56357217 0.71635848 0.76523274 
8.9799995 0.77099353 0.65151924 0.56487423 0.72026646 0.76337385 
8.9899998 0.7710979 0.64951599 0.56631535 0.72409832 0.76132369 
9 0.77122307 0.6475544 0.56789416 0.72784925 0.7590847 
9.0100002 0.77136886 0.64563566 0.56960893 0.73151457 0.75665987 
9.0200005 0.77153504 0.64376086 0.5714578 0.73509014 0.75405246 
9.0299997 0.77172136 0.64193088 0.57343876 0.73857188 0.75126636 
9.04 0.77192742 0.64014655 0.57554948 0.741956 0.74830562 
9.0500002 0.77215272 0.63840872 0.57778734 0.74523908 0.745175 
9.0600004 0.7723968 0.63671803 0.58014965 0.74841785 0.7418797 
9.0699997 0.77265912 0.63507491 0.58263338 0.75148934 0.73842537 
9.0799999 0.77293891 0.63347983 0.58523536 0.7544508 0.7348184 
9.0900002 0.77323556 0.63193309 0.58795214 0.75729972 0.73106557 
9.1000004 0.77354819 0.63043493 0.59078014 0.76003379 0.72717446 
9.1099997 0.77387601 0.62898546 0.59371537 0.76265091 0.72315311 
9.1199999 0.77421808 0.62758458 0.5967539 0.76514918 0.71901023 
9.1300001 0.7745735 0.62623215 0.59989142 0.76752687 0.71475524 
9.1400003 0.77494115 0.62492806 0.60312349 0.76978242 0.71039802 
9.1499996 0.77531993 0.62367183 0.60644549 0.77191442 0.70594913 
9.1599998 0.77570873 0.62246311 0.60985255 0.77392167 0.70141989 
9.1700001 0.77610642 0.62130141 0.61333984 0.77580303 0.69682187 
9.1800003 0.77651167 0.62018603 0.61690211 0.77755749 0.69216752 
9.1899996 0.7769233 0.61911625 0.62053424 0.77918416 0.68746948 
9.1999998 0.77733994 0.61809134 0.6242308 0.78068227 0.68274111 
9.21 0.77776027 0.61711043 0.62798637 0.78205109 0.67799604 
9.2200003 0.77818298 0.61617261 0.63179541 0.78329003 0.67324829 
9.2299995 0.77860659 0.61527681 0.6356523 0.7843985 0.66851223 
9.2399998 0.77902985 0.61442208 0.6395514 0.78537613 0.66380239 
9.25 0.77945125 0.61360729 0.6434871 0.7862224 0.65913349 
9.2600002 0.77986944 0.61283135 0.64745361 0.78693694 0.65452045 
9.2700005 0.78028303 0.61209315 0.65144527 0.78751957 0.6499781 
9.2799997 0.78069067 0.61139154 0.65545654 0.78796995 0.64552122 
9.29 0.78109103 0.61072528 0.65948182 0.78828788 0.64116466 
9.3000002 0.7814827 0.6100933 0.66351557 0.78847319 0.6369229 
9.3100004 0.78186446 0.60949439 0.66755235 0.78852582 0.63281024 
9.3199997 0.78223497 0.60892749 0.67158687 0.78844565 0.62884063 
9.3299999 0.78259307 0.6083914 0.67561394 0.78823274 0.62502772 
9.3400002 0.78293759 0.60788518 0.67962849 0.7878871 0.62138468 
9.3500004 0.78326738 0.60740775 0.6836257 0.78740883 0.61792415 
9.3599997 0.78358132 0.60695809 0.68760067 0.78679806 0.61465824 
9.3699999 0.78387845 0.60653532 0.69154894 0.78605509 0.61159849 
9.3800001 0.78415769 0.60613859 0.6954661 0.78518021 0.60875583 
9.3900003 0.78441828 0.60576695 0.69934791 0.78417385 0.60614032 
9.3999996 0.78465927 0.60541981 0.70319039 0.78303641 0.60376149 
9.4099998 0.78487992 0.60509634 0.70698977 0.78176856 0.60162812 
9.4200001 0.78507942 0.60479599 0.71074229 0.78037095 0.59974808 
9.4300003 0.7852571 0.60451818 0.7144447 0.77884442 0.59812856 
9.4399996 0.78541237 0.60426241 0.71809369 0.77718997 0.59677583 
9.4499998 0.78554463 0.60402817 0.72168624 0.77540863 0.59569532 
9.46 0.78565341 0.60381514 0.72521961 0.77350163 0.59489173 
9.4700003 0.78573817 0.60362297 0.72869104 0.77147049 0.5943687 
9.4799995 0.78579849 0.60345137 0.73209822 0.76931667 0.59412909 
9.4899998 0.78583401 0.60330015 0.73543876 0.76704204 0.59417486 
9.5 0.78584445 0.60316908 0.73871064 0.76464856 0.59450698 
9.5100002 0.78582942 0.60305804 0.74191195 0.76213831 0.59512556 
9.5200005 0.78578866 0.6029669 0.74504089 0.75951385 0.59602982 
9.5299997 0.78572196 0.60289562 0.74809587 0.7567777 0.59721798 
9.54 0.78562915 0.60284412 0.75107545 0.75393277 0.59868735 
9.5500002 0.78550994 0.60281235 0.75397819 0.75098217 0.6004343 
9.5600004 0.78536427 0.60280043 0.75680298 0.74792933 0.60245436 
9.5699997 0.78519189 0.60280824 0.75954878 0.7447778 0.60474199 
9.5799999 0.78499275 0.60283583 0.76221448 0.74153149 0.6072908 
9.5900002 0.78476667 0.60288322 0.7647993 0.73819464 0.61009353 
9.6000004 0.78451353 0.60295045 0.76730251 0.73477167 0.61314207 
9.6099997 0.78423333 0.6030376 0.76972336 0.73126733 0.61642724 
9.6199999 0.78392583 0.60314453 0.77206123 0.72768652 0.61993927 
9.6300001 0.78359103 0.60327142 0.77431566 0.72403455 0.62366736 
9.6400003 0.78322881 0.60341817 0.77648616 0.72031695 0.62760019 
9.6499996 0.78283912 0.60358483 0.77857238 0.71653956 0.63172543 
9.6599998 0.78242177 0.60377133 0.78057396 0.71270829 0.63603032 
9.6700001 0.78197676 0.60397774 0.78249055 0.70882952 0.64050138 
9.6800003 0.78150392 0.60420388 0.78432202 0.7049098 0.6451245 
9.6899996 0.78100324 0.60444975 0.78606814 0.70095569 0.64988518 
9.6999998 0.78047454 0.60471535 0.78772867 0.69697428 0.65476841 
9.71 0.77991778 0.6050005 0.7893036 0.6929726 0.65975899 
9.7200003 0.77933288 0.60530514 0.79079276 0.68895793 0.66484135 
9.7299995 0.77871972 0.60562921 0.79219609 0.68493772 0.66999966 
9.7399998 0.7780782 0.60597253 0.79351354 0.68091953 0.67521822 
9.75 0.7774083 0.60633504 0.79474515 0.67691106 0.68048114 
9.7600002 0.77670991 0.60671657 0.79589075 0.67291993 0.6857726 
9.7700005 0.77598298 0.60711706 0.79695052 0.66895407 0.69107711 
9.7799997 0.77522743 0.60753638 0.7979244 0.66502136 0.6963793 
9.79 0.77444321 0.60797441 0.79881245 0.66112953 0.70166415 
9.8000002 0.77363044 0.60843104 0.79961467 0.65728652 0.70691699 
9.8100004 0.77278894 0.60890627 0.80033123 0.6535002 0.71212375 
9.8199997 0.77191889 0.60939986 0.80096209 0.64977825 0.71727067 
9.8299999 0.77102023 0.60991192 0.80150741 0.64612848 0.72234476 
9.8400002 0.77009314 0.61044234 0.80196726 0.6425584 0.72733355 
9.8500004 0.76913768 0.61099112 0.80234182 0.63907552 0.73222524 
9.8599997 0.76815403 0.61155838 0.80263114 0.63568723 0.73700881 
9.8699999 0.7671423 0.61214405 0.80283535 0.63240063 0.74167377 
9.8800001 0.76610279 0.61274827 0.80295473 0.62922281 0.74621052 
9.8900003 0.76503581 0.61337119 0.80298936 0.62616056 0.75060999 
9.8999996 0.76394165 0.61401296 0.80293947 0.6232205 0.7548641 
9.9099998 0.76282066 0.61467379 0.8028053 0.62040889 0.75896525 
9.9200001 0.76167321 0.61535388 0.80258709 0.61773199 0.76290661 
9.9300003 0.76049989 0.61605364 0.80228508 0.61519551 0.76668203 
9.9399996 0.75930113 0.61677331 0.80189955 0.61280519 0.7702859 
9.9499998 0.75807756 0.61751324 0.80143088 0.6105662 0.77371341 
9.96 0.7568298 0.61827385 0.80087936 0.60848361 0.77696007 
9.9700003 0.75555849 0.61905563 0.80024546 0.60656208 0.78002208 
9.9799995 0.75426435 0.61985898 0.79952949 0.60480595 0.78289616 
9.9899998 0.75294828 0.6206845 0.79873204 0.60321933 0.78557938 
10 0.75161099 0.62153262 0.79785347 0.60180581 0.78806919 
